1.000000 0.062500 0.097656 0.015625 0.062500 0.015625 0.191406 0.003906 0.062500 0.191406
0.062500 1.000000 0.035156 0.062500 0.062500 0.003906 0.062500 0.097656 0.015625 0.097656
0.097656 0.035156 1.000000 0.062500 0.062500 0.062500 0.062500 0.015625 0.097656 0.097656
0.015625 0.062500 0.062500 1.000000 0.015625 0.062500 0.015625 0.140625 0.062500 0.097656
0.062500 0.062500 0.062500 0.015625 1.000000 0.097656 0.097656 0.062500 0.097656 0.003906
0.015625 0.003906 0.062500 0.062500 0.097656 1.000000 0.015625 0.062500 0.035156 0.035156
0.191406 0.062500 0.062500 0.015625 0.097656 0.015625 1.000000 0.015625 0.035156 0.097656
0.003906 0.097656 0.015625 0.140625 0.062500 0.062500 0.015625 1.000000 0.015625 0.062500
0.062500 0.015625 0.097656 0.062500 0.097656 0.035156 0.035156 0.015625 1.000000 0.035156
0.191406 0.097656 0.097656 0.097656 0.003906 0.035156 0.097656 0.062500 0.035156 1.000000
