1.000000 0.015625 0.003906 0.015625 0.003906 0.035156 0.015625 0.062500 0.062500 0.003906
0.015625 1.000000 0.000000 0.003906 0.003906 0.000000 0.000000 0.003906 0.035156 0.035156
0.003906 0.000000 1.000000 0.003906 0.035156 0.003906 0.003906 0.000000 0.003906 0.250000
0.015625 0.003906 0.003906 1.000000 0.015625 0.003906 0.000000 0.003906 0.035156 0.062500
0.003906 0.003906 0.035156 0.015625 1.000000 0.003906 0.000000 0.003906 0.003906 0.097656
0.035156 0.000000 0.003906 0.003906 0.003906 1.000000 0.062500 0.015625 0.015625 0.003906
0.015625 0.000000 0.003906 0.000000 0.000000 0.062500 1.000000 0.035156 0.000000 0.000000
0.062500 0.003906 0.000000 0.003906 0.003906 0.015625 0.035156 1.000000 0.062500 0.000000
0.062500 0.035156 0.003906 0.035156 0.003906 0.015625 0.000000 0.062500 1.000000 0.000000
0.003906 0.035156 0.250000 0.062500 0.097656 0.003906 0.000000 0.000000 0.000000 1.000000
