
========================================================================
  EJECUCION : 2026-03-30  08-37-21
  Dataset   : freq
  Clases    : [np.str_('low_freq'), np.str_('high_freq')]
========================================================================

COMPARATIVA DE ENCODINGS

------------------------------------------------------------------------
  Metrica                        QTSE           RY          PHASE     
  -------------------------   ------------  ------------  ------------
  Intra-clase (media)               0.0338        0.1030        0.0661
  Inter-clase (media)             0.014509      0.000067      0.000015
  Ratio intra/inter                   2.33       1534.49       4414.01
  Media diagonal                    1.0000        1.0000        1.0000
  -------------------------   ------------  ------------  ------------
  Accuracy SVM                      0.4000        1.0000        0.6000
  Train / Test                    10  /  5      10  /  5      10  /  5
  y_test                    [0, 0, 1, 1, 1][0, 0, 1, 1, 1][0, 0, 1, 1, 1]
  y_pred                    [0, 0, 0, 0, 0][0, 0, 1, 1, 1][0, 0, 1, 0, 0]
------------------------------------------------------------------------


MATRICES KERNEL


  Encoding: QTSE
           s0      s1      s2      s3      s4      s5      s6      s7      s8      s9     s10     s11     s12     s13     s14
  s0    1.0000  0.0156  0.0039  0.0156  0.0156  0.0156  0.0352  0.0000  0.0039  0.0352  0.0039  0.0000  0.0039  0.0039  0.0625
  s1    0.0156  1.0000  0.0039  0.0352  0.0039  0.0000  0.0039  0.0156  0.0156  0.0000  0.0625  0.0625  0.0039  0.0039  0.0000
  s2    0.0039  0.0039  1.0000  0.0352  0.0625  0.0039  0.0039  0.0039  0.0039  0.0039  0.0156  0.0625  0.0156  0.0352  0.0352
  s3    0.0156  0.0352  0.0352  1.0000  0.0156  0.0352  0.1914  0.0156  0.0039  0.0039  0.0352  0.0039  0.0039  0.0625  0.0039
  s4    0.0156  0.0039  0.0625  0.0156  1.0000  0.0352  0.0156  0.0039  0.0156  0.0352  0.0039  0.0039  0.0156  0.0000  0.0156
  s5    0.0156  0.0000  0.0039  0.0352  0.0352  1.0000  0.3164  0.0000  0.0156  0.0156  0.0156  0.0000  0.0039  0.0000  0.0039
  s6    0.0352  0.0039  0.0039  0.1914  0.0156  0.3164  1.0000  0.0039  0.0039  0.0352  0.0156  0.0000  0.0000  0.0156  0.0039
  s7    0.0000  0.0156  0.0039  0.0156  0.0039  0.0000  0.0039  1.0000  0.0039  0.0000  0.0156  0.0039  0.0000  0.0625  0.0039
  s8    0.0039  0.0156  0.0039  0.0039  0.0156  0.0156  0.0039  0.0039  1.0000  0.0625  0.1406  0.0156  0.0039  0.0000  0.0039
  s9    0.0352  0.0000  0.0039  0.0039  0.0352  0.0156  0.0352  0.0000  0.0625  1.0000  0.0352  0.0156  0.0000  0.0156  0.0156
  s10   0.0039  0.0625  0.0156  0.0352  0.0039  0.0156  0.0156  0.0156  0.1406  0.0352  1.0000  0.0039  0.0000  0.0156  0.0039
  s11   0.0000  0.0625  0.0625  0.0039  0.0039  0.0000  0.0000  0.0039  0.0156  0.0156  0.0039  1.0000  0.0352  0.0039  0.0000
  s12   0.0039  0.0039  0.0156  0.0039  0.0156  0.0039  0.0000  0.0000  0.0039  0.0000  0.0000  0.0352  1.0000  0.0000  0.0156
  s13   0.0039  0.0039  0.0352  0.0625  0.0000  0.0000  0.0156  0.0625  0.0000  0.0156  0.0156  0.0039  0.0000  1.0000  0.3164
  s14   0.0625  0.0000  0.0352  0.0039  0.0156  0.0039  0.0039  0.0039  0.0039  0.0156  0.0039  0.0000  0.0156  0.3164  1.0000

  Encoding: RY
           s0      s1      s2      s3      s4      s5      s6      s7      s8      s9     s10     s11     s12     s13     s14
  s0    1.0000  0.4615  0.0000  0.0002  0.0000  0.0002  0.0002  0.0000  0.0000  0.0000  0.0000  0.0000  0.0000  0.0000  0.0001
  s1    0.4615  1.0000  0.0000  0.0001  0.0000  0.0002  0.0001  0.0000  0.0000  0.0000  0.0001  0.0000  0.0000  0.0000  0.0000
  s2    0.0000  0.0000  1.0000  0.0003  0.4572  0.0014  0.0002  0.0000  0.0000  0.0004  0.0005  0.0000  0.0000  0.0000  0.0000
  s3    0.0002  0.0001  0.0003  1.0000  0.0000  0.6781  0.8054  0.0001  0.0000  0.0004  0.0000  0.0000  0.0000  0.0001  0.0000
  s4    0.0000  0.0000  0.4572  0.0000  1.0000  0.0001  0.0000  0.0000  0.0000  0.0002  0.0006  0.0000  0.0000  0.0000  0.0000
  s5    0.0002  0.0002  0.0014  0.6781  0.0001  1.0000  0.8543  0.0000  0.0000  0.0005  0.0000  0.0000  0.0000  0.0001  0.0000
  s6    0.0002  0.0001  0.0002  0.8054  0.0000  0.8543  1.0000  0.0000  0.0000  0.0004  0.0000  0.0000  0.0000  0.0001  0.0000
  s7    0.0000  0.0000  0.0000  0.0001  0.0000  0.0000  0.0000  1.0000  0.0000  0.0001  0.0000  0.0000  0.0000  0.0000  0.0000
  s8    0.0000  0.0000  0.0000  0.0000  0.0000  0.0000  0.0000  0.0000  1.0000  0.2482  0.6452  0.0000  0.0000  0.0000  0.0000
  s9    0.0000  0.0000  0.0004  0.0004  0.0002  0.0005  0.0004  0.0001  0.2482  1.0000  0.1910  0.0007  0.0000  0.0000  0.0000
  s10   0.0000  0.0001  0.0005  0.0000  0.0006  0.0000  0.0000  0.0000  0.6452  0.1910  1.0000  0.0000  0.0000  0.0000  0.0000
  s11   0.0000  0.0000  0.0000  0.0000  0.0000  0.0000  0.0000  0.0000  0.0000  0.0007  0.0000  1.0000  0.0000  0.0000  0.0000
  s12   0.0000  0.0000  0.0000  0.0000  0.0000  0.0000  0.0000  0.0000  0.0000  0.0000  0.0000  0.0000  1.0000  0.0015  0.0009
  s13   0.0000  0.0000  0.0000  0.0001  0.0000  0.0001  0.0001  0.0000  0.0000  0.0000  0.0000  0.0000  0.0015  1.0000  0.6997
  s14   0.0001  0.0000  0.0000  0.0000  0.0000  0.0000  0.0000  0.0000  0.0000  0.0000  0.0000  0.0000  0.0009  0.6997  1.0000

  Encoding: PHASE
           s0      s1      s2      s3      s4      s5      s6      s7      s8      s9     s10     s11     s12     s13     s14
  s0    1.0000  0.1918  0.0000  0.0000  0.0000  0.0000  0.0000  0.0000  0.0000  0.0000  0.0000  0.0000  0.0000  0.0000  0.0000
  s1    0.1918  1.0000  0.0000  0.0000  0.0000  0.0000  0.0000  0.0000  0.0000  0.0005  0.0000  0.0000  0.0000  0.0000  0.0000
  s2    0.0000  0.0000  1.0000  0.0000  0.2033  0.0000  0.0000  0.0000  0.0000  0.0000  0.0000  0.0000  0.0000  0.0000  0.0000
  s3    0.0000  0.0000  0.0000  1.0000  0.0000  0.4911  0.6719  0.0000  0.0000  0.0000  0.0000  0.0000  0.0000  0.0000  0.0000
  s4    0.0000  0.0000  0.2033  0.0000  1.0000  0.0000  0.0000  0.0000  0.0000  0.0000  0.0000  0.0001  0.0000  0.0000  0.0000
  s5    0.0000  0.0000  0.0000  0.4911  0.0000  1.0000  0.7339  0.0000  0.0000  0.0000  0.0000  0.0000  0.0000  0.0000  0.0000
  s6    0.0000  0.0000  0.0000  0.6719  0.0000  0.7339  1.0000  0.0000  0.0000  0.0000  0.0000  0.0000  0.0000  0.0000  0.0000
  s7    0.0000  0.0000  0.0000  0.0000  0.0000  0.0000  0.0000  1.0000  0.0000  0.0000  0.0000  0.0000  0.0000  0.0000  0.0000
  s8    0.0000  0.0000  0.0000  0.0000  0.0000  0.0000  0.0000  0.0000  1.0000  0.0609  0.3721  0.0000  0.0000  0.0000  0.0000
  s9    0.0000  0.0005  0.0000  0.0000  0.0000  0.0000  0.0000  0.0000  0.0609  1.0000  0.0245  0.0000  0.0000  0.0000  0.0000
  s10   0.0000  0.0000  0.0000  0.0000  0.0000  0.0000  0.0000  0.0000  0.3721  0.0245  1.0000  0.0000  0.0000  0.0000  0.0000
  s11   0.0000  0.0000  0.0000  0.0000  0.0001  0.0000  0.0000  0.0000  0.0000  0.0000  0.0000  1.0000  0.0000  0.0000  0.0000
  s12   0.0000  0.0000  0.0000  0.0000  0.0000  0.0000  0.0000  0.0000  0.0000  0.0000  0.0000  0.0000  1.0000  0.0000  0.0000
  s13   0.0000  0.0000  0.0000  0.0000  0.0000  0.0000  0.0000  0.0000  0.0000  0.0000  0.0000  0.0000  0.0000  1.0000  0.4871
  s14   0.0000  0.0000  0.0000  0.0000  0.0000  0.0000  0.0000  0.0000  0.0000  0.0000  0.0000  0.0000  0.0000  0.4871  1.0000

========================================================================
  EJECUCION : 2026-03-30  08-46-57
  Dataset   : phase
  Clases    : [np.str_('phase_0_pi'), np.str_('phase_pi_2pi')]
========================================================================

COMPARATIVA DE ENCODINGS

------------------------------------------------------------------------
  Metrica                        QTSE           RY          PHASE     
  -------------------------   ------------  ------------  ------------
  Intra-clase (media)               0.0139        0.0106        0.0004
  Inter-clase (media)             0.004743      0.000726      0.000013
  Ratio intra/inter                   2.92         14.55         33.25
  Media diagonal                    1.0000        1.0000        1.0000
  -------------------------   ------------  ------------  ------------
  Accuracy SVM                      0.6000        0.6000        0.6000
  Train / Test                    10  /  5      10  /  5      10  /  5
  y_test                    [0, 0, 1, 1, 1][0, 0, 1, 1, 1][0, 0, 1, 1, 1]
  y_pred                    [1, 0, 0, 1, 1][1, 1, 1, 1, 1][1, 1, 1, 1, 1]
------------------------------------------------------------------------


MATRICES KERNEL


  Encoding: QTSE
           s0      s1      s2      s3      s4      s5      s6      s7      s8      s9     s10     s11     s12     s13     s14
  s0    1.0000  0.0625  0.0000  0.0039  0.0156  0.0039  0.0156  0.0039  0.0000  0.0039  0.0039  0.0000  0.0000  0.0000  0.0000
  s1    0.0625  1.0000  0.0000  0.0156  0.0625  0.0039  0.0625  0.0000  0.0352  0.0000  0.0000  0.0156  0.0000  0.0039  0.0000
  s2    0.0000  0.0000  1.0000  0.0039  0.0039  0.0000  0.0039  0.0039  0.0039  0.0039  0.0000  0.0039  0.0039  0.0156  0.0039
  s3    0.0039  0.0156  0.0039  1.0000  0.0000  0.0039  0.0039  0.0039  0.0000  0.0000  0.0039  0.0039  0.0156  0.0000  0.0000
  s4    0.0156  0.0625  0.0039  0.0000  1.0000  0.0000  0.0352  0.0039  0.0039  0.0039  0.0039  0.0156  0.0039  0.0039  0.0000
  s5    0.0039  0.0039  0.0000  0.0039  0.0000  1.0000  0.0000  0.0156  0.0000  0.0039  0.0156  0.0039  0.0039  0.0039  0.0039
  s6    0.0156  0.0625  0.0039  0.0039  0.0352  0.0000  1.0000  0.0039  0.0156  0.0000  0.0039  0.0156  0.0039  0.0000  0.0000
  s7    0.0039  0.0000  0.0039  0.0039  0.0039  0.0156  0.0039  1.0000  0.0625  0.0000  0.0625  0.0352  0.0039  0.0039  0.0156
  s8    0.0000  0.0352  0.0039  0.0000  0.0039  0.0000  0.0156  0.0625  1.0000  0.0000  0.0039  0.0039  0.0000  0.0039  0.0039
  s9    0.0039  0.0000  0.0039  0.0000  0.0039  0.0039  0.0000  0.0000  0.0000  1.0000  0.0039  0.0000  0.0000  0.0625  0.0352
  s10   0.0039  0.0000  0.0000  0.0039  0.0039  0.0156  0.0039  0.0625  0.0039  0.0039  1.0000  0.0156  0.0039  0.0156  0.0039
  s11   0.0000  0.0156  0.0039  0.0039  0.0156  0.0039  0.0156  0.0352  0.0039  0.0000  0.0156  1.0000  0.0039  0.0156  0.0000
  s12   0.0000  0.0000  0.0039  0.0156  0.0039  0.0039  0.0039  0.0039  0.0000  0.0000  0.0039  0.0039  1.0000  0.0156  0.0000
  s13   0.0000  0.0039  0.0156  0.0000  0.0039  0.0039  0.0000  0.0039  0.0039  0.0625  0.0156  0.0156  0.0156  1.0000  0.0039
  s14   0.0000  0.0000  0.0039  0.0000  0.0000  0.0039  0.0000  0.0156  0.0039  0.0352  0.0039  0.0000  0.0000  0.0039  1.0000

  Encoding: RY
           s0      s1      s2      s3      s4      s5      s6      s7      s8      s9     s10     s11     s12     s13     s14
  s0    1.0000  0.1389  0.0000  0.0000  0.0081  0.0000  0.0023  0.0000  0.0000  0.0000  0.0000  0.0000  0.0000  0.0000  0.0000
  s1    0.1389  1.0000  0.0000  0.0000  0.1426  0.0000  0.0017  0.0000  0.0000  0.0000  0.0000  0.0000  0.0000  0.0000  0.0000
  s2    0.0000  0.0000  1.0000  0.0026  0.0000  0.0000  0.0000  0.0000  0.0000  0.0000  0.0000  0.0000  0.0014  0.0000  0.0000
  s3    0.0000  0.0000  0.0026  1.0000  0.0000  0.0000  0.0000  0.0000  0.0000  0.0000  0.0000  0.0000  0.0000  0.0000  0.0000
  s4    0.0081  0.1426  0.0000  0.0000  1.0000  0.0000  0.0000  0.0000  0.0000  0.0000  0.0000  0.0000  0.0000  0.0000  0.0000
  s5    0.0000  0.0000  0.0000  0.0000  0.0000  1.0000  0.0000  0.0185  0.0000  0.0000  0.0076  0.0117  0.0004  0.0009  0.0000
  s6    0.0023  0.0017  0.0000  0.0000  0.0000  0.0000  1.0000  0.0000  0.0000  0.0000  0.0000  0.0000  0.0000  0.0000  0.0000
  s7    0.0000  0.0000  0.0000  0.0000  0.0000  0.0185  0.0000  1.0000  0.0060  0.0000  0.1086  0.0013  0.0019  0.0001  0.0000
  s8    0.0000  0.0000  0.0000  0.0000  0.0000  0.0000  0.0000  0.0060  1.0000  0.0000  0.0467  0.0041  0.0000  0.0000  0.0001
  s9    0.0000  0.0000  0.0000  0.0000  0.0000  0.0000  0.0000  0.0000  0.0000  1.0000  0.0000  0.0000  0.0017  0.0046  0.0016
  s10   0.0000  0.0000  0.0000  0.0000  0.0000  0.0076  0.0000  0.1086  0.0467  0.0000  1.0000  0.0396  0.0003  0.0000  0.0000
  s11   0.0000  0.0000  0.0000  0.0000  0.0000  0.0117  0.0000  0.0013  0.0041  0.0000  0.0396  1.0000  0.0000  0.0002  0.0000
  s12   0.0000  0.0000  0.0014  0.0000  0.0000  0.0004  0.0000  0.0019  0.0000  0.0017  0.0003  0.0000  1.0000  0.0032  0.0012
  s13   0.0000  0.0000  0.0000  0.0000  0.0000  0.0009  0.0000  0.0001  0.0000  0.0046  0.0000  0.0002  0.0032  1.0000  0.0000
  s14   0.0000  0.0000  0.0000  0.0000  0.0000  0.0000  0.0000  0.0000  0.0001  0.0016  0.0000  0.0000  0.0012  0.0000  1.0000

  Encoding: PHASE
           s0      s1      s2      s3      s4      s5      s6      s7      s8      s9     s10     s11     s12     s13     s14
  s0    1.0000  0.0033  0.0000  0.0000  0.0000  0.0000  0.0000  0.0000  0.0000  0.0006  0.0000  0.0000  0.0000  0.0000  0.0000
  s1    0.0033  1.0000  0.0000  0.0000  0.0109  0.0000  0.0000  0.0000  0.0000  0.0000  0.0000  0.0000  0.0000  0.0000  0.0000
  s2    0.0000  0.0000  1.0000  0.0000  0.0000  0.0000  0.0000  0.0000  0.0000  0.0000  0.0000  0.0000  0.0000  0.0000  0.0000
  s3    0.0000  0.0000  0.0000  1.0000  0.0000  0.0000  0.0000  0.0000  0.0000  0.0000  0.0000  0.0000  0.0000  0.0000  0.0000
  s4    0.0000  0.0109  0.0000  0.0000  1.0000  0.0000  0.0000  0.0000  0.0000  0.0000  0.0000  0.0000  0.0000  0.0000  0.0000
  s5    0.0000  0.0000  0.0000  0.0000  0.0000  1.0000  0.0000  0.0000  0.0000  0.0000  0.0000  0.0001  0.0000  0.0000  0.0000
  s6    0.0000  0.0000  0.0000  0.0000  0.0000  0.0000  1.0000  0.0000  0.0000  0.0000  0.0000  0.0000  0.0000  0.0000  0.0000
  s7    0.0000  0.0000  0.0000  0.0000  0.0000  0.0000  0.0000  1.0000  0.0001  0.0000  0.0043  0.0000  0.0000  0.0000  0.0000
  s8    0.0000  0.0000  0.0000  0.0000  0.0000  0.0000  0.0000  0.0001  1.0000  0.0000  0.0009  0.0000  0.0000  0.0000  0.0003
  s9    0.0006  0.0000  0.0000  0.0000  0.0000  0.0000  0.0000  0.0000  0.0000  1.0000  0.0000  0.0000  0.0000  0.0000  0.0000
  s10   0.0000  0.0000  0.0000  0.0000  0.0000  0.0000  0.0000  0.0043  0.0009  0.0000  1.0000  0.0006  0.0000  0.0000  0.0000
  s11   0.0000  0.0000  0.0000  0.0000  0.0000  0.0001  0.0000  0.0000  0.0000  0.0000  0.0006  1.0000  0.0000  0.0000  0.0000
  s12   0.0000  0.0000  0.0000  0.0000  0.0000  0.0000  0.0000  0.0000  0.0000  0.0000  0.0000  0.0000  1.0000  0.0000  0.0000
  s13   0.0000  0.0000  0.0000  0.0000  0.0000  0.0000  0.0000  0.0000  0.0000  0.0000  0.0000  0.0000  0.0000  1.0000  0.0000
  s14   0.0000  0.0000  0.0000  0.0000  0.0000  0.0000  0.0000  0.0000  0.0003  0.0000  0.0000  0.0000  0.0000  0.0000  1.0000

========================================================================
  EJECUCION : 2026-03-30  08-47-50
  Dataset   : temporal_order
  Clases    : [np.str_('up_then_down'), np.str_('down_then_up')]
========================================================================

COMPARATIVA DE ENCODINGS

------------------------------------------------------------------------
  Metrica                        QTSE           RY          PHASE     
  -------------------------   ------------  ------------  ------------
  Intra-clase (media)               0.0427        0.1624        0.0500
  Inter-clase (media)             0.002581      0.000011      0.000000
  Ratio intra/inter                  16.53      14133.58     102315.73
  Media diagonal                    1.0000        1.0000        1.0000
  -------------------------   ------------  ------------  ------------
  Accuracy SVM                      1.0000        1.0000        1.0000
  Train / Test                    10  /  5      10  /  5      10  /  5
  y_test                    [0, 0, 1, 1, 1][0, 0, 1, 1, 1][0, 0, 1, 1, 1]
  y_pred                    [0, 0, 1, 1, 1][0, 0, 1, 1, 1][0, 0, 1, 1, 1]
------------------------------------------------------------------------


MATRICES KERNEL


  Encoding: QTSE
           s0      s1      s2      s3      s4      s5      s6      s7      s8      s9     s10     s11     s12     s13     s14
  s0    1.0000  0.0625  0.0352  0.0625  0.0977  0.0352  0.0156  0.0156  0.0352  0.0000  0.0000  0.0039  0.0000  0.0000  0.0039
  s1    0.0625  1.0000  0.0625  0.0156  0.0039  0.1406  0.0625  0.0000  0.0039  0.0000  0.0000  0.0000  0.0039  0.0039  0.0039
  s2    0.0352  0.0625  1.0000  0.0977  0.0625  0.0625  0.0625  0.0039  0.0000  0.0000  0.0000  0.0156  0.0000  0.0000  0.0039
  s3    0.0625  0.0156  0.0977  1.0000  0.0156  0.2500  0.0977  0.0000  0.0000  0.0000  0.0000  0.0000  0.0000  0.0000  0.0039
  s4    0.0977  0.0039  0.0625  0.0156  1.0000  0.0000  0.0156  0.0000  0.0039  0.0000  0.0039  0.0000  0.0000  0.0000  0.0039
  s5    0.0352  0.1406  0.0625  0.2500  0.0000  1.0000  0.1406  0.0000  0.0000  0.0000  0.0000  0.0039  0.0000  0.0000  0.0039
  s6    0.0156  0.0625  0.0625  0.0977  0.0156  0.1406  1.0000  0.0039  0.0039  0.0000  0.0039  0.0039  0.0039  0.0039  0.0000
  s7    0.0156  0.0000  0.0039  0.0000  0.0000  0.0000  0.0039  1.0000  0.0352  0.0156  0.0039  0.0156  0.0156  0.0039  0.0000
  s8    0.0352  0.0039  0.0000  0.0000  0.0039  0.0000  0.0039  0.0352  1.0000  0.0039  0.0039  0.0156  0.0352  0.0156  0.0156
  s9    0.0000  0.0000  0.0000  0.0000  0.0000  0.0000  0.0000  0.0156  0.0039  1.0000  0.0977  0.0039  0.1406  0.0156  0.0625
  s10   0.0000  0.0000  0.0000  0.0000  0.0039  0.0000  0.0039  0.0039  0.0039  0.0977  1.0000  0.0156  0.0156  0.0000  0.0625
  s11   0.0039  0.0000  0.0156  0.0000  0.0000  0.0039  0.0039  0.0156  0.0156  0.0039  0.0156  1.0000  0.0000  0.0000  0.0156
  s12   0.0000  0.0039  0.0000  0.0000  0.0000  0.0000  0.0039  0.0156  0.0352  0.1406  0.0156  0.0000  1.0000  0.0625  0.0039
  s13   0.0000  0.0039  0.0000  0.0000  0.0000  0.0000  0.0039  0.0039  0.0156  0.0156  0.0000  0.0000  0.0625  1.0000  0.0156
  s14   0.0039  0.0039  0.0039  0.0039  0.0039  0.0039  0.0000  0.0000  0.0156  0.0625  0.0625  0.0156  0.0039  0.0156  1.0000

  Encoding: RY
           s0      s1      s2      s3      s4      s5      s6      s7      s8      s9     s10     s11     s12     s13     s14
  s0    1.0000  0.0059  0.4548  0.1259  0.2818  0.2032  0.0785  0.0002  0.0000  0.0000  0.0000  0.0000  0.0000  0.0000  0.0000
  s1    0.0059  1.0000  0.0537  0.0882  0.0048  0.2355  0.3367  0.0001  0.0000  0.0000  0.0000  0.0000  0.0000  0.0000  0.0000
  s2    0.4548  0.0537  1.0000  0.4224  0.1389  0.4414  0.4444  0.0002  0.0000  0.0000  0.0000  0.0000  0.0000  0.0000  0.0000
  s3    0.1259  0.0882  0.4224  1.0000  0.1261  0.5443  0.2918  0.0000  0.0000  0.0000  0.0000  0.0000  0.0000  0.0000  0.0000
  s4    0.2818  0.0048  0.1389  0.1261  1.0000  0.2162  0.0134  0.0000  0.0000  0.0000  0.0000  0.0000  0.0000  0.0000  0.0000
  s5    0.2032  0.2355  0.4414  0.5443  0.2162  1.0000  0.3829  0.0001  0.0000  0.0000  0.0000  0.0000  0.0000  0.0000  0.0000
  s6    0.0785  0.3367  0.4444  0.2918  0.0134  0.3829  1.0000  0.0001  0.0000  0.0000  0.0000  0.0000  0.0000  0.0000  0.0000
  s7    0.0002  0.0001  0.0002  0.0000  0.0000  0.0001  0.0001  1.0000  0.0944  0.0762  0.0029  0.0049  0.0175  0.0213  0.0282
  s8    0.0000  0.0000  0.0000  0.0000  0.0000  0.0000  0.0000  0.0944  1.0000  0.0113  0.0902  0.2841  0.0067  0.0253  0.2486
  s9    0.0000  0.0000  0.0000  0.0000  0.0000  0.0000  0.0000  0.0762  0.0113  1.0000  0.0036  0.0004  0.1873  0.0258  0.0387
  s10   0.0000  0.0000  0.0000  0.0000  0.0000  0.0000  0.0000  0.0029  0.0902  0.0036  1.0000  0.3951  0.0108  0.0445  0.3866
  s11   0.0000  0.0000  0.0000  0.0000  0.0000  0.0000  0.0000  0.0049  0.2841  0.0004  0.3951  1.0000  0.0009  0.0107  0.4755
  s12   0.0000  0.0000  0.0000  0.0000  0.0000  0.0000  0.0000  0.0175  0.0067  0.1873  0.0108  0.0009  1.0000  0.3906  0.0657
  s13   0.0000  0.0000  0.0000  0.0000  0.0000  0.0000  0.0000  0.0213  0.0253  0.0258  0.0445  0.0107  0.3906  1.0000  0.1204
  s14   0.0000  0.0000  0.0000  0.0000  0.0000  0.0000  0.0000  0.0282  0.2486  0.0387  0.3866  0.4755  0.0657  0.1204  1.0000

  Encoding: PHASE
           s0      s1      s2      s3      s4      s5      s6      s7      s8      s9     s10     s11     s12     s13     s14
  s0    1.0000  0.0000  0.1945  0.0094  0.0804  0.0411  0.0039  0.0000  0.0000  0.0000  0.0000  0.0000  0.0000  0.0000  0.0000
  s1    0.0000  1.0000  0.0021  0.0070  0.0001  0.0733  0.0769  0.0000  0.0000  0.0000  0.0000  0.0000  0.0000  0.0000  0.0000
  s2    0.1945  0.0021  1.0000  0.1666  0.0128  0.1828  0.2095  0.0000  0.0000  0.0000  0.0000  0.0000  0.0000  0.0000  0.0000
  s3    0.0094  0.0070  0.1666  1.0000  0.0043  0.2500  0.0894  0.0000  0.0000  0.0000  0.0000  0.0000  0.0000  0.0000  0.0000
  s4    0.0804  0.0001  0.0128  0.0043  1.0000  0.0545  0.0002  0.0000  0.0000  0.0000  0.0000  0.0000  0.0000  0.0000  0.0000
  s5    0.0411  0.0733  0.1828  0.2500  0.0545  1.0000  0.1566  0.0000  0.0000  0.0000  0.0000  0.0000  0.0000  0.0000  0.0000
  s6    0.0039  0.0769  0.2095  0.0894  0.0002  0.1566  1.0000  0.0000  0.0000  0.0000  0.0000  0.0000  0.0000  0.0000  0.0000
  s7    0.0000  0.0000  0.0000  0.0000  0.0000  0.0000  0.0000  1.0000  0.0119  0.0002  0.0000  0.0000  0.0000  0.0000  0.0001
  s8    0.0000  0.0000  0.0000  0.0000  0.0000  0.0000  0.0000  0.0119  1.0000  0.0000  0.0017  0.0614  0.0000  0.0000  0.0100
  s9    0.0000  0.0000  0.0000  0.0000  0.0000  0.0000  0.0000  0.0002  0.0000  1.0000  0.0000  0.0000  0.0357  0.0005  0.0019
  s10   0.0000  0.0000  0.0000  0.0000  0.0000  0.0000  0.0000  0.0000  0.0017  0.0000  1.0000  0.1416  0.0002  0.0017  0.1594
  s11   0.0000  0.0000  0.0000  0.0000  0.0000  0.0000  0.0000  0.0000  0.0614  0.0000  0.1416  1.0000  0.0000  0.0000  0.2070
  s12   0.0000  0.0000  0.0000  0.0000  0.0000  0.0000  0.0000  0.0000  0.0000  0.0357  0.0002  0.0000  1.0000  0.1828  0.0061
  s13   0.0000  0.0000  0.0000  0.0000  0.0000  0.0000  0.0000  0.0000  0.0000  0.0005  0.0017  0.0000  0.1828  1.0000  0.0150
  s14   0.0000  0.0000  0.0000  0.0000  0.0000  0.0000  0.0000  0.0001  0.0100  0.0019  0.1594  0.2070  0.0061  0.0150  1.0000

