========================================================================
  EJECUCION : 2026-03-30  09-26-34
  Dataset   : chirp_direction
  Clases    : [np.str_('chirp_up'), np.str_('chirp_down')]
========================================================================

COMPARATIVA DE ENCODINGS

------------------------------------------------------------------------
  Metrica                        QTSE           RY          PHASE     
  -------------------------   ------------  ------------  ------------
  Intra-clase (media)               0.0458        0.0827        0.0437
  Inter-clase (media)             0.017090      0.000144      0.000334
  Ratio intra/inter                   2.68        573.92        130.81
  Media diagonal                    1.0000        1.0000        1.0000
  -------------------------   ------------  ------------  ------------
  Accuracy SVM                      0.6000        0.8000        0.8000
  Train / Test                    10  /  5      10  /  5      10  /  5
  y_test                    [0, 0, 1, 1, 1][0, 0, 1, 1, 1][0, 0, 1, 1, 1]
  y_pred                    [1, 1, 1, 1, 1][1, 0, 1, 1, 1][1, 0, 1, 1, 1]
------------------------------------------------------------------------


MATRICES KERNEL


  Encoding: QTSE
           s0      s1      s2      s3      s4      s5      s6      s7      s8      s9     s10     s11     s12     s13     s14
  s0    1.0000  0.0977  0.0156  0.0156  0.1406  0.0039  0.0156  0.0156  0.0000  0.0039  0.0352  0.0156  0.0156  0.0039  0.0000
  s1    0.0977  1.0000  0.0039  0.0156  0.6602  0.0039  0.0977  0.0625  0.0039  0.0039  0.0352  0.0156  0.0352  0.0156  0.0000
  s2    0.0156  0.0039  1.0000  0.0625  0.0156  0.0352  0.0156  0.0156  0.0352  0.0039  0.0000  0.0156  0.0352  0.0352  0.0156
  s3    0.0156  0.0156  0.0625  1.0000  0.0352  0.0625  0.0039  0.0156  0.0156  0.0156  0.0156  0.0156  0.0156  0.0156  0.0156
  s4    0.1406  0.6602  0.0156  0.0352  1.0000  0.0039  0.0352  0.0039  0.0039  0.0039  0.0156  0.0156  0.0156  0.0000  0.0000
  s5    0.0039  0.0039  0.0352  0.0625  0.0039  1.0000  0.0039  0.0156  0.0156  0.0039  0.0156  0.0156  0.0156  0.0039  0.0352
  s6    0.0156  0.0977  0.0156  0.0039  0.0352  0.0039  1.0000  0.0352  0.0352  0.0156  0.0039  0.0156  0.0156  0.0977  0.0156
  s7    0.0156  0.0625  0.0156  0.0156  0.0039  0.0156  0.0352  1.0000  0.0156  0.0156  0.0156  0.0156  0.1406  0.0352  0.0156
  s8    0.0000  0.0039  0.0352  0.0156  0.0039  0.0156  0.0352  0.0156  1.0000  0.0039  0.0156  0.0156  0.0156  0.0039  0.0156
  s9    0.0039  0.0039  0.0039  0.0156  0.0039  0.0039  0.0156  0.0156  0.0039  1.0000  0.0000  0.0039  0.0156  0.0039  0.0156
  s10   0.0352  0.0352  0.0000  0.0156  0.0156  0.0156  0.0039  0.0156  0.0156  0.0000  1.0000  0.3164  0.0039  0.0039  0.0156
  s11   0.0156  0.0156  0.0156  0.0156  0.0156  0.0156  0.0156  0.0156  0.0156  0.0039  0.3164  1.0000  0.0156  0.0625  0.0352
  s12   0.0156  0.0352  0.0352  0.0156  0.0156  0.0156  0.0156  0.1406  0.0156  0.0156  0.0039  0.0156  1.0000  0.0352  0.0156
  s13   0.0039  0.0156  0.0352  0.0156  0.0000  0.0039  0.0977  0.0352  0.0039  0.0039  0.0039  0.0625  0.0352  1.0000  0.0352
  s14   0.0000  0.0000  0.0156  0.0156  0.0000  0.0352  0.0156  0.0156  0.0156  0.0156  0.0156  0.0352  0.0156  0.0352  1.0000

  Encoding: RY
           s0      s1      s2      s3      s4      s5      s6      s7      s8      s9     s10     s11     s12     s13     s14
  s0    1.0000  0.1068  0.0037  0.0000  0.1165  0.0000  0.0311  0.0001  0.0000  0.0000  0.0001  0.0001  0.0001  0.0000  0.0000
  s1    0.1068  1.0000  0.0000  0.0000  0.8817  0.0000  0.4747  0.0000  0.0000  0.0000  0.0000  0.0001  0.0000  0.0000  0.0000
  s2    0.0037  0.0000  1.0000  0.4639  0.0000  0.0001  0.0000  0.0000  0.0001  0.0000  0.0001  0.0001  0.0000  0.0001  0.0000
  s3    0.0000  0.0000  0.4639  1.0000  0.0000  0.0010  0.0000  0.0000  0.0011  0.0000  0.0000  0.0000  0.0000  0.0001  0.0000
  s4    0.1165  0.8817  0.0000  0.0000  1.0000  0.0000  0.4541  0.0000  0.0001  0.0000  0.0000  0.0001  0.0000  0.0000  0.0000
  s5    0.0000  0.0000  0.0001  0.0010  0.0000  1.0000  0.0000  0.0000  0.0023  0.0000  0.0000  0.0000  0.0000  0.0000  0.0029
  s6    0.0311  0.4747  0.0000  0.0000  0.4541  0.0000  1.0000  0.0000  0.0001  0.0001  0.0000  0.0000  0.0000  0.0000  0.0001
  s7    0.0001  0.0000  0.0000  0.0000  0.0000  0.0000  0.0000  1.0000  0.0000  0.0000  0.0819  0.0464  0.0499  0.1651  0.0000
  s8    0.0000  0.0000  0.0001  0.0011  0.0001  0.0023  0.0001  0.0000  1.0000  0.0000  0.0121  0.0198  0.0000  0.0000  0.0106
  s9    0.0000  0.0000  0.0000  0.0000  0.0000  0.0000  0.0001  0.0000  0.0000  1.0000  0.0000  0.0000  0.0000  0.0000  0.0012
  s10   0.0001  0.0000  0.0001  0.0000  0.0000  0.0000  0.0000  0.0819  0.0121  0.0000  1.0000  0.8577  0.0000  0.0002  0.0000
  s11   0.0001  0.0001  0.0001  0.0000  0.0001  0.0000  0.0000  0.0464  0.0198  0.0000  0.8577  1.0000  0.0000  0.0001  0.0000
  s12   0.0001  0.0000  0.0000  0.0000  0.0000  0.0000  0.0000  0.0499  0.0000  0.0000  0.0000  0.0000  1.0000  0.2745  0.0000
  s13   0.0000  0.0000  0.0001  0.0001  0.0000  0.0000  0.0000  0.1651  0.0000  0.0000  0.0002  0.0001  0.2745  1.0000  0.0000
  s14   0.0000  0.0000  0.0000  0.0000  0.0000  0.0029  0.0001  0.0000  0.0106  0.0012  0.0000  0.0000  0.0000  0.0000  1.0000

  Encoding: PHASE
           s0      s1      s2      s3      s4      s5      s6      s7      s8      s9     s10     s11     s12     s13     s14
  s0    1.0000  0.0017  0.0000  0.0000  0.0020  0.0000  0.0001  0.0004  0.0000  0.0000  0.0011  0.0001  0.0000  0.0000  0.0000
  s1    0.0017  1.0000  0.0000  0.0000  0.7640  0.0000  0.1910  0.0000  0.0000  0.0000  0.0000  0.0000  0.0000  0.0087  0.0000
  s2    0.0000  0.0000  1.0000  0.2033  0.0000  0.0001  0.0000  0.0000  0.0000  0.0000  0.0000  0.0000  0.0000  0.0000  0.0000
  s3    0.0000  0.0000  0.2033  1.0000  0.0000  0.0010  0.0000  0.0000  0.0000  0.0000  0.0000  0.0000  0.0000  0.0000  0.0000
  s4    0.0020  0.7640  0.0000  0.0000  1.0000  0.0000  0.1749  0.0000  0.0000  0.0000  0.0001  0.0001  0.0000  0.0061  0.0000
  s5    0.0000  0.0000  0.0001  0.0010  0.0000  1.0000  0.0000  0.0001  0.0000  0.0000  0.0000  0.0000  0.0000  0.0000  0.0000
  s6    0.0001  0.1910  0.0000  0.0000  0.1749  0.0000  1.0000  0.0000  0.0000  0.0000  0.0000  0.0000  0.0002  0.0016  0.0000
  s7    0.0004  0.0000  0.0000  0.0000  0.0000  0.0001  0.0000  1.0000  0.0000  0.0002  0.0053  0.0014  0.0000  0.0005  0.0000
  s8    0.0000  0.0000  0.0000  0.0000  0.0000  0.0000  0.0000  0.0000  1.0000  0.0000  0.0001  0.0001  0.0000  0.0000  0.0000
  s9    0.0000  0.0000  0.0000  0.0000  0.0000  0.0000  0.0000  0.0002  0.0000  1.0000  0.0000  0.0000  0.0022  0.0008  0.0000
  s10   0.0011  0.0000  0.0000  0.0000  0.0001  0.0000  0.0000  0.0053  0.0001  0.0000  1.0000  0.7339  0.0000  0.0004  0.0000
  s11   0.0001  0.0000  0.0000  0.0000  0.0001  0.0000  0.0000  0.0014  0.0001  0.0000  0.7339  1.0000  0.0000  0.0002  0.0000
  s12   0.0000  0.0000  0.0000  0.0000  0.0000  0.0000  0.0002  0.0000  0.0000  0.0022  0.0000  0.0000  1.0000  0.0560  0.0000
  s13   0.0000  0.0087  0.0000  0.0000  0.0061  0.0000  0.0016  0.0005  0.0000  0.0008  0.0004  0.0002  0.0560  1.0000  0.0000
  s14   0.0000  0.0000  0.0000  0.0000  0.0000  0.0000  0.0000  0.0000  0.0000  0.0000  0.0000  0.0000  0.0000  0.0000  1.0000

========================================================================
  EJECUCION : 2026-03-30  09-27-47
  Dataset   : time_reverse
  Clases    : [np.str_('time_forward'), np.str_('time_reverse')]
========================================================================

COMPARATIVA DE ENCODINGS

------------------------------------------------------------------------
  Metrica                        QTSE           RY          PHASE     
  -------------------------   ------------  ------------  ------------
  Intra-clase (media)               0.0211        0.0208        0.0066
  Inter-clase (media)             0.013184      0.032246      0.013178
  Ratio intra/inter                   1.60          0.65          0.50
  Media diagonal                    1.0000        1.0000        1.0000
  -------------------------   ------------  ------------  ------------
  Accuracy SVM                      0.6000        0.4000        0.2000
  Train / Test                    10  /  5      10  /  5      10  /  5
  y_test                    [0, 0, 0, 1, 1][0, 0, 0, 1, 1][0, 0, 0, 1, 1]
  y_pred                    [1, 0, 0, 0, 1][1, 1, 0, 1, 0][1, 1, 0, 0, 0]
------------------------------------------------------------------------


MATRICES KERNEL


  Encoding: QTSE
           s0      s1      s2      s3      s4      s5      s6      s7      s8      s9     s10     s11     s12     s13     s14
  s0    1.0000  0.0156  0.0352  0.0156  0.0039  0.0000  0.0039  0.0000  0.0039  0.0039  0.0039  0.0039  0.0039  0.0625  0.0977
  s1    0.0156  1.0000  0.0156  0.0352  0.0000  0.0039  0.0000  0.0039  0.0039  0.0039  0.0039  0.0039  0.0625  0.0039  0.0039
  s2    0.0352  0.0156  1.0000  0.0000  0.0039  0.0000  0.0039  0.0000  0.0625  0.0156  0.0039  0.0039  0.0625  0.0156  0.0352
  s3    0.0156  0.0352  0.0000  1.0000  0.0000  0.0039  0.0000  0.0039  0.0156  0.0625  0.0039  0.0039  0.0156  0.0625  0.0039
  s4    0.0039  0.0000  0.0039  0.0000  1.0000  0.0000  0.0625  0.0039  0.0000  0.0039  0.0000  0.0000  0.0000  0.0039  0.0156
  s5    0.0000  0.0039  0.0000  0.0039  0.0000  1.0000  0.0039  0.0625  0.0039  0.0000  0.0000  0.0000  0.0039  0.0000  0.0039
  s6    0.0039  0.0000  0.0039  0.0000  0.0625  0.0039  1.0000  0.2500  0.0352  0.0000  0.0000  0.0039  0.0156  0.0156  0.0039
  s7    0.0000  0.0039  0.0000  0.0039  0.0039  0.0625  0.2500  1.0000  0.0000  0.0352  0.0039  0.0000  0.0156  0.0156  0.0000
  s8    0.0039  0.0039  0.0625  0.0156  0.0000  0.0039  0.0352  0.0000  1.0000  0.0156  0.0039  0.0156  0.0977  0.0039  0.0000
  s9    0.0039  0.0039  0.0156  0.0625  0.0039  0.0000  0.0000  0.0352  0.0156  1.0000  0.0156  0.0039  0.0039  0.0977  0.0156
  s10   0.0039  0.0039  0.0039  0.0039  0.0000  0.0000  0.0000  0.0039  0.0039  0.0156  1.0000  0.0156  0.0039  0.0039  0.0625
  s11   0.0039  0.0039  0.0039  0.0039  0.0000  0.0000  0.0039  0.0000  0.0156  0.0039  0.0156  1.0000  0.0039  0.0039  0.0000
  s12   0.0039  0.0625  0.0625  0.0156  0.0000  0.0039  0.0156  0.0156  0.0977  0.0039  0.0039  0.0039  1.0000  0.0000  0.0000
  s13   0.0625  0.0039  0.0156  0.0625  0.0039  0.0000  0.0156  0.0156  0.0039  0.0977  0.0039  0.0039  0.0000  1.0000  0.0625
  s14   0.0977  0.0039  0.0352  0.0039  0.0156  0.0039  0.0039  0.0000  0.0000  0.0156  0.0625  0.0000  0.0000  0.0625  1.0000

  Encoding: RY
           s0      s1      s2      s3      s4      s5      s6      s7      s8      s9     s10     s11     s12     s13     s14
  s0    1.0000  0.0000  0.0004  0.0339  0.0004  0.0000  0.0000  0.0000  0.0003  0.0001  0.0000  0.0000  0.0000  0.3954  0.0955
  s1    0.0000  1.0000  0.1024  0.0001  0.0000  0.0000  0.0000  0.0000  0.0111  0.0002  0.0000  0.0000  0.3496  0.0000  0.0004
  s2    0.0004  0.1024  1.0000  0.0065  0.0000  0.0000  0.0000  0.0000  0.4203  0.0328  0.0000  0.0000  0.0372  0.0001  0.0014
  s3    0.0339  0.0001  0.0065  1.0000  0.0000  0.0000  0.0000  0.0000  0.0178  0.3582  0.0000  0.0000  0.0000  0.0182  0.0029
  s4    0.0004  0.0000  0.0000  0.0000  1.0000  0.0000  0.0595  0.0155  0.0000  0.0000  0.0000  0.0000  0.0000  0.0000  0.0000
  s5    0.0000  0.0000  0.0000  0.0000  0.0000  1.0000  0.0010  0.0249  0.0000  0.0000  0.0000  0.0000  0.0000  0.0000  0.0000
  s6    0.0000  0.0000  0.0000  0.0000  0.0595  0.0010  1.0000  0.6041  0.0000  0.0000  0.0000  0.0000  0.0000  0.0000  0.0000
  s7    0.0000  0.0000  0.0000  0.0000  0.0155  0.0249  0.6041  1.0000  0.0000  0.0000  0.0000  0.0000  0.0000  0.0000  0.0000
  s8    0.0003  0.0111  0.4203  0.0178  0.0000  0.0000  0.0000  0.0000  1.0000  0.2263  0.0000  0.0000  0.0018  0.0001  0.0013
  s9    0.0001  0.0002  0.0328  0.3582  0.0000  0.0000  0.0000  0.0000  0.2263  1.0000  0.0000  0.0000  0.0000  0.0001  0.0000
  s10   0.0000  0.0000  0.0000  0.0000  0.0000  0.0000  0.0000  0.0000  0.0000  0.0000  1.0000  0.0004  0.0000  0.0000  0.0000
  s11   0.0000  0.0000  0.0000  0.0000  0.0000  0.0000  0.0000  0.0000  0.0000  0.0000  0.0004  1.0000  0.0000  0.0000  0.0000
  s12   0.0000  0.3496  0.0372  0.0000  0.0000  0.0000  0.0000  0.0000  0.0018  0.0000  0.0000  0.0000  1.0000  0.0000  0.0000
  s13   0.3954  0.0000  0.0001  0.0182  0.0000  0.0000  0.0000  0.0000  0.0001  0.0001  0.0000  0.0000  0.0000  1.0000  0.0052
  s14   0.0955  0.0004  0.0014  0.0029  0.0000  0.0000  0.0000  0.0000  0.0013  0.0000  0.0000  0.0000  0.0000  0.0052  1.0000

  Encoding: PHASE
           s0      s1      s2      s3      s4      s5      s6      s7      s8      s9     s10     s11     s12     s13     s14
  s0    1.0000  0.0000  0.0000  0.0004  0.0000  0.0000  0.0000  0.0000  0.0000  0.0000  0.0000  0.0000  0.0000  0.1391  0.0046
  s1    0.0000  1.0000  0.0004  0.0000  0.0000  0.0000  0.0000  0.0000  0.0000  0.0000  0.0000  0.0000  0.1391  0.0000  0.0000
  s2    0.0000  0.0004  1.0000  0.0000  0.0000  0.0000  0.0000  0.0000  0.1594  0.0003  0.0000  0.0000  0.0000  0.0000  0.0000
  s3    0.0004  0.0000  0.0000  1.0000  0.0000  0.0000  0.0000  0.0000  0.0003  0.1594  0.0000  0.0000  0.0000  0.0000  0.0000
  s4    0.0000  0.0000  0.0000  0.0000  1.0000  0.0000  0.0005  0.0000  0.0000  0.0000  0.0000  0.0000  0.0000  0.0000  0.0000
  s5    0.0000  0.0000  0.0000  0.0000  0.0000  1.0000  0.0000  0.0005  0.0000  0.0000  0.0000  0.0000  0.0000  0.0000  0.0000
  s6    0.0000  0.0000  0.0000  0.0000  0.0005  0.0000  1.0000  0.4065  0.0000  0.0000  0.0000  0.0000  0.0000  0.0000  0.0000
  s7    0.0000  0.0000  0.0000  0.0000  0.0000  0.0005  0.4065  1.0000  0.0000  0.0000  0.0000  0.0000  0.0000  0.0000  0.0000
  s8    0.0000  0.0000  0.1594  0.0003  0.0000  0.0000  0.0000  0.0000  1.0000  0.0520  0.0000  0.0000  0.0000  0.0000  0.0000
  s9    0.0000  0.0000  0.0003  0.1594  0.0000  0.0000  0.0000  0.0000  0.0520  1.0000  0.0000  0.0000  0.0000  0.0000  0.0000
  s10   0.0000  0.0000  0.0000  0.0000  0.0000  0.0000  0.0000  0.0000  0.0000  0.0000  1.0000  0.0000  0.0000  0.0000  0.0000
  s11   0.0000  0.0000  0.0000  0.0000  0.0000  0.0000  0.0000  0.0000  0.0000  0.0000  0.0000  1.0000  0.0000  0.0000  0.0000
  s12   0.0000  0.1391  0.0000  0.0000  0.0000  0.0000  0.0000  0.0000  0.0000  0.0000  0.0000  0.0000  1.0000  0.0000  0.0000
  s13   0.1391  0.0000  0.0000  0.0000  0.0000  0.0000  0.0000  0.0000  0.0000  0.0000  0.0000  0.0000  0.0000  1.0000  0.0000
  s14   0.0046  0.0000  0.0000  0.0000  0.0000  0.0000  0.0000  0.0000  0.0000  0.0000  0.0000  0.0000  0.0000  0.0000  1.0000

========================================================================
  EJECUCION : 2026-03-30  09-29-45
  Dataset   : ordered_permuted
  Clases    : [np.str_('ordered'), np.str_('permuted')]
========================================================================

COMPARATIVA DE ENCODINGS

------------------------------------------------------------------------
  Metrica                        QTSE           RY          PHASE     
  -------------------------   ------------  ------------  ------------
  Intra-clase (media)               0.0114        0.0002        0.0000
  Inter-clase (media)             0.011021      0.000062      0.000065
  Ratio intra/inter                   1.03          3.20          0.09
  Media diagonal                    1.0000        1.0000        1.0000
  -------------------------   ------------  ------------  ------------
  Accuracy SVM                      0.6000        0.2000        0.6000
  Train / Test                    10  /  5      10  /  5      10  /  5
  y_test                    [0, 0, 0, 1, 1][0, 0, 0, 1, 1][0, 0, 0, 1, 1]
  y_pred                    [0, 0, 0, 0, 0][1, 1, 1, 1, 0][0, 1, 1, 1, 1]
------------------------------------------------------------------------


MATRICES KERNEL


  Encoding: QTSE
           s0      s1      s2      s3      s4      s5      s6      s7      s8      s9     s10     s11     s12     s13     s14
  s0    1.0000  0.0000  0.0625  0.0156  0.0156  0.0000  0.0000  0.0156  0.0000  0.0039  0.0352  0.0156  0.0000  0.0039  0.0156
  s1    0.0000  1.0000  0.0039  0.0000  0.0039  0.0352  0.0000  0.0039  0.0039  0.0000  0.0000  0.0000  0.0000  0.0000  0.0039
  s2    0.0625  0.0039  1.0000  0.0156  0.0039  0.0039  0.0039  0.0039  0.0039  0.0156  0.0000  0.0156  0.0000  0.0625  0.0039
  s3    0.0156  0.0000  0.0156  1.0000  0.0156  0.0039  0.0156  0.0000  0.0352  0.0156  0.0156  0.0039  0.0039  0.0000  0.0039
  s4    0.0156  0.0039  0.0039  0.0156  1.0000  0.0039  0.0000  0.0156  0.0000  0.0000  0.0039  0.0039  0.0000  0.0039  0.0625
  s5    0.0000  0.0352  0.0039  0.0039  0.0039  1.0000  0.0039  0.0625  0.0039  0.0039  0.0000  0.0000  0.0039  0.0156  0.0352
  s6    0.0000  0.0000  0.0039  0.0156  0.0000  0.0039  1.0000  0.0156  0.0039  0.0000  0.0352  0.0039  0.0039  0.0000  0.0000
  s7    0.0156  0.0039  0.0039  0.0000  0.0156  0.0625  0.0156  1.0000  0.0156  0.0039  0.0039  0.0156  0.0000  0.0352  0.0156
  s8    0.0000  0.0039  0.0039  0.0352  0.0000  0.0039  0.0039  0.0156  1.0000  0.0625  0.0039  0.0000  0.0156  0.0156  0.0000
  s9    0.0039  0.0000  0.0156  0.0156  0.0000  0.0039  0.0000  0.0039  0.0625  1.0000  0.0000  0.0039  0.0039  0.0352  0.0039
  s10   0.0352  0.0000  0.0000  0.0156  0.0039  0.0000  0.0352  0.0039  0.0039  0.0000  1.0000  0.0625  0.0039  0.0156  0.0039
  s11   0.0156  0.0000  0.0156  0.0039  0.0039  0.0000  0.0039  0.0156  0.0000  0.0039  0.0625  1.0000  0.0156  0.0352  0.0000
  s12   0.0000  0.0000  0.0000  0.0039  0.0000  0.0039  0.0039  0.0000  0.0156  0.0039  0.0039  0.0156  1.0000  0.0156  0.0039
  s13   0.0039  0.0000  0.0625  0.0000  0.0039  0.0156  0.0000  0.0352  0.0156  0.0352  0.0156  0.0352  0.0156  1.0000  0.0156
  s14   0.0156  0.0039  0.0039  0.0039  0.0625  0.0352  0.0000  0.0156  0.0000  0.0039  0.0039  0.0000  0.0039  0.0156  1.0000

  Encoding: RY
           s0      s1      s2      s3      s4      s5      s6      s7      s8      s9     s10     s11     s12     s13     s14
  s0    1.0000  0.0000  0.0012  0.0000  0.0003  0.0000  0.0000  0.0000  0.0000  0.0000  0.0005  0.0000  0.0000  0.0000  0.0000
  s1    0.0000  1.0000  0.0001  0.0003  0.0000  0.0000  0.0006  0.0002  0.0000  0.0000  0.0000  0.0001  0.0000  0.0000  0.0000
  s2    0.0012  0.0001  1.0000  0.0000  0.0002  0.0000  0.0000  0.0000  0.0000  0.0000  0.0000  0.0000  0.0000  0.0000  0.0001
  s3    0.0000  0.0003  0.0000  1.0000  0.0000  0.0000  0.0000  0.0000  0.0000  0.0000  0.0000  0.0000  0.0000  0.0000  0.0000
  s4    0.0003  0.0000  0.0002  0.0000  1.0000  0.0000  0.0000  0.0000  0.0000  0.0000  0.0000  0.0000  0.0000  0.0000  0.0000
  s5    0.0000  0.0000  0.0000  0.0000  0.0000  1.0000  0.0000  0.0000  0.0000  0.0000  0.0000  0.0000  0.0000  0.0000  0.0000
  s6    0.0000  0.0006  0.0000  0.0000  0.0000  0.0000  1.0000  0.0000  0.0063  0.0000  0.0000  0.0000  0.0000  0.0000  0.0000
  s7    0.0000  0.0002  0.0000  0.0000  0.0000  0.0000  0.0000  1.0000  0.0000  0.0001  0.0000  0.0000  0.0000  0.0000  0.0000
  s8    0.0000  0.0000  0.0000  0.0000  0.0000  0.0000  0.0063  0.0000  1.0000  0.0000  0.0000  0.0000  0.0000  0.0024  0.0000
  s9    0.0000  0.0000  0.0000  0.0000  0.0000  0.0000  0.0000  0.0001  0.0000  1.0000  0.0000  0.0000  0.0000  0.0005  0.0000
  s10   0.0005  0.0000  0.0000  0.0000  0.0000  0.0000  0.0000  0.0000  0.0000  0.0000  1.0000  0.0000  0.0000  0.0000  0.0000
  s11   0.0000  0.0001  0.0000  0.0000  0.0000  0.0000  0.0000  0.0000  0.0000  0.0000  0.0000  1.0000  0.0000  0.0000  0.0000
  s12   0.0000  0.0000  0.0000  0.0000  0.0000  0.0000  0.0000  0.0000  0.0000  0.0000  0.0000  0.0000  1.0000  0.0000  0.0000
  s13   0.0000  0.0000  0.0000  0.0000  0.0000  0.0000  0.0000  0.0000  0.0024  0.0005  0.0000  0.0000  0.0000  1.0000  0.0000
  s14   0.0000  0.0000  0.0001  0.0000  0.0000  0.0000  0.0000  0.0000  0.0000  0.0000  0.0000  0.0000  0.0000  0.0000  1.0000

  Encoding: PHASE
           s0      s1      s2      s3      s4      s5      s6      s7      s8      s9     s10     s11     s12     s13     s14
  s0    1.0000  0.0000  0.0000  0.0000  0.0000  0.0000  0.0000  0.0000  0.0000  0.0003  0.0000  0.0000  0.0000  0.0000  0.0000
  s1    0.0000  1.0000  0.0000  0.0000  0.0000  0.0000  0.0000  0.0000  0.0000  0.0000  0.0000  0.0000  0.0000  0.0000  0.0000
  s2    0.0000  0.0000  1.0000  0.0000  0.0000  0.0000  0.0000  0.0000  0.0000  0.0000  0.0000  0.0000  0.0000  0.0000  0.0000
  s3    0.0000  0.0000  0.0000  1.0000  0.0000  0.0000  0.0000  0.0000  0.0001  0.0000  0.0000  0.0000  0.0000  0.0000  0.0000
  s4    0.0000  0.0000  0.0000  0.0000  1.0000  0.0000  0.0000  0.0000  0.0000  0.0000  0.0000  0.0000  0.0000  0.0000  0.0000
  s5    0.0000  0.0000  0.0000  0.0000  0.0000  1.0000  0.0000  0.0000  0.0000  0.0000  0.0000  0.0000  0.0000  0.0000  0.0000
  s6    0.0000  0.0000  0.0000  0.0000  0.0000  0.0000  1.0000  0.0000  0.0000  0.0000  0.0000  0.0000  0.0000  0.0000  0.0000
  s7    0.0000  0.0000  0.0000  0.0000  0.0000  0.0000  0.0000  1.0000  0.0000  0.0000  0.0000  0.0000  0.0000  0.0000  0.0001
  s8    0.0000  0.0000  0.0000  0.0001  0.0000  0.0000  0.0000  0.0000  1.0000  0.0000  0.0000  0.0000  0.0000  0.0000  0.0000
  s9    0.0003  0.0000  0.0000  0.0000  0.0000  0.0000  0.0000  0.0000  0.0000  1.0000  0.0000  0.0001  0.0000  0.0000  0.0031
  s10   0.0000  0.0000  0.0000  0.0000  0.0000  0.0000  0.0000  0.0000  0.0000  0.0000  1.0000  0.0000  0.0000  0.0001  0.0000
  s11   0.0000  0.0000  0.0000  0.0000  0.0000  0.0000  0.0000  0.0000  0.0000  0.0001  0.0000  1.0000  0.0000  0.0000  0.0000
  s12   0.0000  0.0000  0.0000  0.0000  0.0000  0.0000  0.0000  0.0000  0.0000  0.0000  0.0000  0.0000  1.0000  0.0000  0.0000
  s13   0.0000  0.0000  0.0000  0.0000  0.0000  0.0000  0.0000  0.0000  0.0000  0.0000  0.0001  0.0000  0.0000  1.0000  0.0000
  s14   0.0000  0.0000  0.0000  0.0000  0.0000  0.0000  0.0000  0.0001  0.0000  0.0031  0.0000  0.0000  0.0000  0.0000  1.0000

